---------------------------------------------------------------------------------------------------------------------------------------------
| Pos.   | Team                      | Games Played | Wins   | Draws  | Losses    | Goals For    | Goals Against | Goal Diff.  | Points |
---------------------------------------------------------------------------------------------------------------------------------------------
| 1      | Monaco                    | 38           | 19     | 10     | 9         | 113          | 85           | 28          | 67     |
| 2      | Bayern Munich             | 38           | 21     | 3      | 14        | 115          | 91           | 24          | 66     |
| 3      | Barcelona                 | 38           | 21     | 3      | 14        | 102          | 100          | 2           | 66     |
| 4      | Paris Saint-Germain       | 38           | 19     | 8      | 11        | 113          | 94           | 19          | 65     |
| 5      | Real Madrid               | 38           | 19     | 7      | 12        | 101          | 84           | 17          | 64     |
| 6      | Tottenham Hotspur         | 38           | 17     | 6      | 15        | 99           | 91           | 8           | 57     |
| 7      | Locality Bois FC          | 38           | 16     | 9      | 13        | 63           | 64           | -1          | 57     |
| 8      | Borussia Dortmund         | 38           | 16     | 8      | 14        | 102          | 106          | -4          | 56     |
| 9      | Porto                     | 38           | 16     | 7      | 15        | 93           | 90           | 3           | 55     |
| 10     | Chelsea                   | 38           | 15     | 9      | 14        | 111          | 100          | 11          | 54     |
| 11     | Inter Milan               | 38           | 16     | 6      | 16        | 99           | 92           | 7           | 54     |
| 12     | Manchester United         | 38           | 15     | 8      | 15        | 111          | 112          | -1          | 53     |
| 13     | A.C. Milan                | 38           | 16     | 4      | 18        | 104          | 112          | -8          | 52     |
| 14     | Bayer Leverkusen          | 38           | 16     | 4      | 18        | 101          | 120          | -19         | 52     |
| 15     | Ajax                      | 38           | 15     | 5      | 18        | 94           | 99           | -5          | 50     |
| 16     | Benfica                   | 38           | 14     | 6      | 18        | 107          | 106          | 1           | 48     |
| 17     | Juventus                  | 38           | 12     | 7      | 19        | 97           | 112          | -15         | 43     |
| 18     | Liverpool                 | 38           | 13     | 4      | 21        | 93           | 106          | -13         | 43     |
| 19     | Manchester City           | 38           | 13     | 2      | 23        | 94           | 119          | -25         | 41     |
| 20     | Atlético Madrid           | 38           | 11     | 4      | 23        | 94           | 123          | -29         | 37     |
---------------------------------------------------------------------------------------------------------------------------------------------
