---------------------------------------------------------------------------------------------------------------------------------------------
| Pos.   | Team                      | Games Played | Wins   | Draws  | Losses    | Goals For    | Goals Against | Goal Diff.  | Points |
---------------------------------------------------------------------------------------------------------------------------------------------
| 1      | Chelsea                   | 19           | 12     | 2      | 5         | 65           | 42           | 23          | 38     |
| 2      | Bayern Munich             | 19           | 11     | 1      | 7         | 57           | 52           | 5           | 34     |
| 3      | Manchester City           | 19           | 10     | 4      | 5         | 51           | 37           | 14          | 34     |
| 4      | bob                       | 19           | 10     | 3      | 6         | 37           | 29           | 8           | 33     |
| 5      | Real Madrid               | 19           | 10     | 2      | 7         | 52           | 40           | 12          | 32     |
| 6      | Barcelona                 | 19           | 10     | 1      | 8         | 60           | 51           | 9           | 31     |
| 7      | Monaco                    | 19           | 9      | 4      | 6         | 55           | 50           | 5           | 31     |
| 8      | Borussia Dortmund         | 19           | 9      | 3      | 7         | 46           | 45           | 1           | 30     |
| 9      | A.C. Milan                | 19           | 9      | 2      | 8         | 50           | 51           | -1          | 29     |
| 10     | Liverpool                 | 19           | 9      | 1      | 9         | 49           | 48           | 1           | 28     |
| 11     | Ajax                      | 19           | 8      | 3      | 8         | 56           | 62           | -6          | 27     |
| 12     | Bayer Leverkusen          | 19           | 8      | 3      | 8         | 46           | 43           | 3           | 27     |
| 13     | Atlético Madrid           | 19           | 8      | 2      | 9         | 51           | 54           | -3          | 26     |
| 14     | Inter Milan               | 19           | 7      | 4      | 8         | 50           | 60           | -10         | 25     |
| 15     | Benfica                   | 19           | 7      | 3      | 9         | 55           | 50           | 5           | 24     |
| 16     | Porto                     | 19           | 8      | 0      | 11        | 49           | 51           | -2          | 24     |
| 17     | Paris Saint-Germain       | 19           | 6      | 3      | 10        | 36           | 54           | -18         | 21     |
| 18     | Manchester United         | 19           | 6      | 1      | 12        | 46           | 57           | -11         | 19     |
| 19     | Tottenham Hotspur         | 19           | 5      | 4      | 10        | 46           | 57           | -11         | 19     |
| 20     | Juventus                  | 19           | 3      | 4      | 12        | 39           | 63           | -24         | 13     |
---------------------------------------------------------------------------------------------------------------------------------------------
